0,-25.77,-25.20,-25.55,-25.28,-26.86,-26.07,-25.73,-26.41
1,-25.89,-25.32,-25.67,-25.44,-27.02,-26.18,-25.81,-26.48
2,-22.69,-21.75,-21.99,-21.72,-22.38,-20.74,-18.49,-17.36
3,-16.79,-10.70,-4.43,-1.69,-0.47,2.02,2.63,1.95
4,-12.10,2.16,2.57,2.67,1.19,1.94,2.55,1.89
5,-15.41,1.39,2.39,2.50,1.10,1.89,2.52,1.87
6,-20.82,1.40,2.34,2.43,0.98,1.83,2.36,1.65
7,-22.58,1.19,2.00,2.24,0.81,1.73,2.33,1.72
8,-22.94,1.41,2.32,2.26,0.68,1.57,2.23,1.64
9,-23.31,1.16,2.33,2.30,0.66,1.47,2.10,1.54
10,-23.44,1.16,2.22,2.26,0.76,1.49,2.04,1.49
11,-23.36,0.91,1.98,2.13,0.76,1.49,2.00,1.42
12,-23.66,0.60,2.04,1.99,0.48,1.41,1.96,1.33
13,-23.88,0.63,1.95,1.94,0.39,1.18,1.71,1.21
14,-23.88,0.69,1.90,1.87,0.39,1.21,1.70,1.11
15,-24.03,0.64,1.68,1.79,0.44,1.22,1.69,1.15
16,-23.69,0.52,1.70,1.63,0.22,1.06,1.58,1.08
17,-23.95,0.52,1.45,1.74,0.36,1.11,1.51,0.91
18,-24.31,0.27,1.23,1.46,0.17,1.10,1.52,0.92
19,-24.47,0.07,1.00,1.43,0.27,1.05,1.51,0.94
20,-24.44,0.34,1.33,1.26,0.05,0.94,1.44,0.88
21,-24.45,0.20,1.41,1.29,0.03,0.76,1.37,0.86
22,-24.62,-0.07,1.22,1.31,0.06,0.82,1.23,0.69
23,-24.67,0.05,1.30,1.31,0.01,0.74,1.20,0.65
24,-24.54,-0.15,1.21,1.25,-0.15,0.68,1.12,0.60
25,-24.92,-0.47,1.12,1.18,-0.23,0.65,1.08,0.50
26,-24.89,-0.13,0.92,0.87,-0.40,0.55,0.98,0.40
27,-25.02,-0.28,0.84,0.78,-0.61,0.42,0.90,0.39
28,-24.86,-0.32,0.90,0.97,-0.38,0.52,0.92,0.32
29,-25.05,-0.73,0.52,0.79,-0.46,0.43,0.84,0.32
30,-25.15,-1.02,0.42,0.51,-0.64,0.38,0.81,0.29
31,-25.45,-0.77,0.65,0.47,-0.85,0.13,0.66,0.23
32,-25.37,-0.60,0.50,0.40,-0.93,0.05,0.50,0.03
33,-25.25,-1.09,0.18,0.36,-1.12,-0.08,0.38,-0.04
34,-25.22,-0.82,0.57,0.54,-1.04,-0.21,0.25,-0.18
35,-25.36,-1.04,0.46,0.55,-0.94,-0.02,0.38,-0.14
36,-25.23,-0.97,0.41,0.46,-0.90,0.01,0.41,-0.09
37,-25.40,-1.11,0.19,0.31,-0.95,-0.05,0.37,-0.10
38,-25.10,-1.23,-0.13,-0.08,-1.38,-0.40,0.09,-0.28
39,-25.51,-1.74,-0.47,-0.12,-1.15,-0.20,0.19,-0.34
40,-25.57,-1.38,0.14,0.01,-1.41,-0.25,0.17,-0.33
41,-25.74,-1.52,0.14,0.13,-1.20,-0.30,0.10,-0.38
42,-25.48,-1.42,0.04,0.07,-1.21,-0.33,0.06,-0.39
43,-25.28,-1.45,-0.06,-0.11,-1.51,-0.46,-0.05,-0.45
44,-25.69,-1.30,-0.19,-0.17,-1.59,-0.55,-0.18,-0.61
45,-25.48,-1.58,-0.39,-0.22,-1.54,-0.59,-0.23,-0.68
46,-25.66,-1.43,-0.29,-0.22,-1.59,-0.61,-0.26,-0.74
47,-25.68,-1.48,-0.44,-0.34,-1.62,-0.67,-0.31,-0.73
48,-25.92,-1.58,-0.34,-0.33,-1.69,-0.71,-0.36,-0.77
49,-25.83,-1.75,-0.38,-0.36,-1.74,-0.80,-0.44,-0.82
50,-25.78,-1.89,-0.45,-0.41,-1.75,-0.81,-0.50,-0.93
51,-25.66,-1.95,-0.66,-0.74,-1.97,-0.96,-0.56,-0.94
52,-25.92,-2.11,-1.08,-1.02,-2.18,-1.16,-0.79,-1.08
53,-25.46,-2.20,-1.39,-0.93,-2.23,-1.14,-0.74,-1.12
54,-25.46,-2.06,-0.97,-0.94,-2.30,-1.27,-0.92,-1.19
55,-26.00,-2.03,-0.92,-0.91,-2.34,-1.33,-0.97,-1.24
56,-25.99,-2.09,-1.01,-0.95,-2.30,-1.33,-1.00,-1.37
57,-25.94,-2.11,-1.11,-1.09,-2.46,-1.42,-1.07,-1.40
58,-25.93,-2.19,-1.31,-1.12,-2.30,-1.36,-1.07,-1.43
59,-26.02,-2.24,-1.22,-1.13,-2.25,-1.32,-1.02,-1.37
60,-25.89,-2.29,-1.25,-1.23,-2.39,-1.38,-1.08,-1.43
61,-25.92,-2.27,-1.14,-1.21,-2.33,-1.37,-1.10,-1.44
62,-25.92,-2.30,-1.33,-1.23,-2.37,-1.44,-1.14,-1.47
63,-26.16,-2.34,-1.29,-1.27,-2.42,-1.51,-1.21,-1.52
64,-25.95,-2.37,-1.50,-1.49,-2.56,-1.68,-1.36,-1.61
65,-25.91,-2.39,-1.44,-1.41,-2.45,-1.60,-1.31,-1.60
66,-25.82,-2.38,-1.36,-1.56,-2.55,-1.67,-1.38,-1.67
67,-25.85,-2.41,-1.61,-1.59,-2.62,-1.80,-1.50,-1.75
68,-25.86,-2.42,-1.46,-1.58,-2.58,-1.82,-1.56,-1.80
69,-26.00,-2.47,-1.54,-1.58,-2.58,-1.84,-1.59,-1.86
70,-26.03,-2.48,-1.62,-1.59,-2.51,-1.80,-1.59,-1.85
71,-25.78,-2.48,-1.56,-1.65,-2.56,-1.82,-1.60,-1.87
72,-25.93,-2.50,-1.59,-1.66,-2.60,-1.89,-1.64,-1.88
73,-25.77,-2.52,-1.70,-1.68,-2.61,-1.92,-1.71,-1.93
74,-25.89,-2.48,-1.74,-1.70,-2.66,-1.98,-1.74,-1.95
75,-26.17,-2.53,-1.76,-1.82,-2.73,-2.02,-1.79,-1.98
76,-25.97,-2.59,-1.86,-1.90,-2.81,-2.10,-1.88,-2.06
77,-26.10,-2.56,-1.75,-1.79,-2.71,-2.03,-1.85,-2.06
78,-26.09,-2.61,-1.82,-1.90,-2.79,-2.08,-1.88,-2.06
79,-25.95,-2.67,-1.88,-1.92,-2.82,-2.13,-1.92,-2.10
80,-25.78,-2.72,-1.84,-1.87,-2.77,-2.12,-1.95,-2.14
81,-25.85,-2.71,-1.81,-1.90,-2.82,-2.12,-1.93,-2.11
82,-25.83,-2.75,-1.84,-1.91,-2.76,-2.12,-1.93,-2.11
83,-25.59,-2.79,-1.86,-1.93,-2.78,-2.13,-1.94,-2.12
84,-25.81,-2.82,-1.93,-1.99,-2.84,-2.19,-1.99,-2.12
85,-25.86,-2.85,-1.91,-1.99,-2.82,-2.18,-2.00,-2.15
86,-25.66,-2.91,-1.98,-2.01,-2.84,-2.20,-2.01,-2.14
87,-25.85,-2.95,-2.04,-2.06,-2.88,-2.26,-2.08,-2.22
88,-25.98,-2.99,-2.03,-2.05,-2.85,-2.22,-2.05,-2.22
89,-25.95,-3.02,-2.05,-2.10,-2.89,-2.24,-2.05,-2.23
90,-25.55,-3.04,-2.04,-2.08,-2.89,-2.27,-2.08,-2.25
91,-25.64,-3.03,-2.11,-2.13,-2.89,-2.29,-2.11,-2.27
92,-25.42,-3.05,-2.12,-2.10,-2.92,-2.31,-2.12,-2.29
93,-25.23,-3.06,-2.14,-2.09,-2.89,-2.31,-2.14,-2.30
94,-25.39,-3.07,-2.11,-2.11,-2.91,-2.31,-2.15,-2.32
95,-25.27,-3.07,-2.12,-2.12,-2.94,-2.34,-2.15,-2.32
96,-25.46,-3.09,-2.14,-2.12,-2.95,-2.34,-2.17,-2.33
97,-25.68,-3.11,-2.16,-2.14,-2.96,-2.34,-2.17,-2.33
98,-25.63,-3.10,-2.16,-2.15,-2.97,-2.36,-2.19,-2.35
99,-25.76,-3.15,-2.19,-2.19,-2.98,-2.38,-2.21,-2.36
100,-25.92,-3.20,-2.17,-2.19,-2.99,-2.38,-2.20,-2.36
101,-25.62,-3.26,-2.19,-2.19,-2.99,-2.39,-2.22,-2.38
102,-25.37,-3.30,-2.20,-2.19,-3.00,-2.39,-2.23,-2.39
103,-25.65,-3.33,-2.22,-2.20,-3.00,-2.40,-2.24,-2.40
104,-25.65,-3.36,-2.21,-2.20,-3.01,-2.41,-2.25,-2.40
105,-25.88,-3.38,-2.22,-2.22,-3.02,-2.41,-2.24,-2.39
106,-25.71,-3.42,-2.24,-2.22,-3.02,-2.43,-2.26,-2.41
107,-25.77,-3.45,-2.24,-2.22,-3.01,-2.43,-2.26,-2.42
108,-25.66,-3.47,-2.23,-2.24,-3.01,-2.44,-2.27,-2.43
109,-25.60,-3.50,-2.24,-2.25,-3.02,-2.45,-2.28,-2.43
110,-25.75,-3.53,-2.24,-2.25,-3.03,-2.46,-2.29,-2.44
111,-25.71,-3.55,-2.24,-2.26,-3.03,-2.46,-2.29,-2.44
112,-25.56,-3.55,-2.25,-2.25,-3.02,-2.45,-2.29,-2.44
113,-25.79,-3.55,-2.25,-2.25,-3.02,-2.46,-2.29,-2.44
114,-25.44,-3.57,-2.25,-2.26,-3.03,-2.47,-2.31,-2.45
115,-25.63,-3.58,-2.26,-2.26,-3.03,-2.46,-2.30,-2.45
116,-25.56,-3.59,-2.26,-2.27,-3.02,-2.46,-2.30,-2.45
117,-25.26,-3.62,-2.26,-2.27,-3.02,-2.47,-2.31,-2.45
118,-25.30,-3.64,-2.26,-2.27,-3.01,-2.47,-2.31,-2.46
119,-25.59,-3.63,-2.27,-2.28,-2.99,-2.48,-2.31,-2.46
120,-25.30,-3.63,-2.27,-2.28,-2.99,-2.48,-2.31,-2.46
121,-25.42,-3.66,-2.27,-2.29,-2.99,-2.48,-2.32,-2.47
122,-25.29,-3.70,-2.27,-2.29,-2.99,-2.48,-2.32,-2.47
123,-25.13,-3.72,-2.28,-2.29,-2.99,-2.48,-2.31,-2.47
124,-24.92,-3.72,-2.28,-2.29,-2.99,-2.48,-2.31,-2.46
125,-25.10,-3.71,-2.29,-2.29,-2.99,-2.48,-2.31,-2.46
126,-25.31,-3.75,-2.30,-2.30,-2.99,-2.48,-2.31,-2.47
127,-25.13,-3.77,-2.30,-2.31,-3.00,-2.49,-2.31,-2.47
128,-25.20,-3.80,-2.30,-2.30,-3.00,-2.49,-2.32,-2.47
129,-25.12,-3.81,-2.30,-2.30,-3.00,-2.49,-2.32,-2.47
130,-25.00,-3.82,-2.30,-2.30,-3.00,-2.49,-2.31,-2.47
131,-25.07,-3.83,-2.30,-2.30,-3.00,-2.49,-2.32,-2.48
132,-25.27,-3.84,-2.30,-2.30,-2.99,-2.49,-2.31,-2.47
133,-24.66,-3.86,-2.30,-2.30,-2.99,-2.49,-2.31,-2.47
134,-25.17,-3.86,-2.30,-2.30,-2.99,-2.49,-2.32,-2.48
135,-25.11,-3.89,-2.31,-2.30,-3.00,-2.50,-2.33,-2.48
136,-24.82,-3.92,-2.30,-2.30,-2.99,-2.50,-2.32,-2.48
137,-24.93,-3.94,-2.30,-2.31,-3.00,-2.50,-2.33,-2.48
138,-25.03,-3.94,-2.29,-2.31,-3.00,-2.50,-2.33,-2.49
139,-25.08,-3.94,-2.29,-2.30,-2.99,-2.50,-2.33,-2.48
140,-25.26,-3.96,-2.31,-2.31,-3.00,-2.51,-2.33,-2.49
141,-25.19,-3.97,-2.31,-2.31,-2.99,-2.50,-2.33,-2.49
142,-25.37,-3.97,-2.31,-2.30,-2.99,-2.50,-2.32,-2.48
143,-25.42,-3.99,-2.32,-2.31,-2.99,-2.50,-2.33,-2.49
144,-25.28,-4.01,-2.33,-2.31,-2.99,-2.50,-2.33,-2.49
145,-25.33,-4.03,-2.33,-2.32,-2.99,-2.50,-2.33,-2.49
146,-24.88,-4.04,-2.34,-2.32,-2.99,-2.50,-2.33,-2.49
147,-25.24,-4.05,-2.35,-2.31,-2.99,-2.50,-2.33,-2.49
148,-25.26,-4.06,-2.36,-2.32,-2.99,-2.51,-2.33,-2.49
149,-25.10,-4.08,-2.38,-2.32,-3.00,-2.51,-2.33,-2.49
150,-25.17,-4.10,-2.40,-2.32,-3.00,-2.51,-2.33,-2.49
151,-25.18,-4.07,-2.42,-2.32,-3.00,-2.51,-2.33,-2.49
152,-25.15,-4.08,-2.42,-2.32,-2.99,-2.50,-2.33,-2.49
153,-25.44,-4.11,-2.42,-2.32,-2.99,-2.51,-2.33,-2.49
154,-25.21,-4.15,-2.42,-2.32,-2.99,-2.51,-2.34,-2.50
155,-24.80,-4.17,-2.44,-2.33,-3.00,-2.52,-2.34,-2.50
156,-24.45,-4.17,-2.45,-2.33,-3.00,-2.52,-2.35,-2.51
157,-25.01,-4.18,-2.45,-2.33,-3.00,-2.52,-2.35,-2.50
158,-25.26,-4.20,-2.45,-2.33,-2.99,-2.52,-2.34,-2.50
159,-25.45,-4.21,-2.46,-2.33,-2.99,-2.52,-2.34,-2.50
160,-25.02,-4.23,-2.47,-2.33,-2.99,-2.51,-2.34,-2.50
161,-24.71,-4.26,-2.47,-2.33,-2.99,-2.52,-2.34,-2.50
162,-25.08,-4.28,-2.49,-2.34,-2.99,-2.53,-2.35,-2.51
163,-25.17,-4.30,-2.51,-2.34,-2.99,-2.52,-2.35,-2.51
164,-24.93,-4.32,-2.52,-2.35,-2.99,-2.52,-2.35,-2.51
165,-25.09,-4.34,-2.53,-2.37,-2.99,-2.53,-2.35,-2.51
166,-25.03,-4.35,-2.54,-2.36,-2.99,-2.52,-2.35,-2.51
167,-24.82,-4.37,-2.55,-2.37,-2.99,-2.53,-2.35,-2.51
168,-24.91,-4.38,-2.58,-2.37,-2.99,-2.53,-2.36,-2.51
169,-25.16,-4.39,-2.60,-2.37,-2.99,-2.53,-2.36,-2.52
170,-24.71,-4.41,-2.62,-2.37,-2.99,-2.53,-2.36,-2.52
171,-24.54,-4.42,-2.65,-2.38,-3.00,-2.54,-2.36,-2.52
172,-24.82,-4.43,-2.67,-2.37,-3.00,-2.54,-2.36,-2.52
173,-24.82,-4.43,-2.69,-2.37,-3.00,-2.54,-2.37,-2.52
174,-24.73,-4.45,-2.71,-2.38,-3.00,-2.54,-2.37,-2.52
175,-24.87,-4.46,-2.72,-2.37,-2.99,-2.54,-2.36,-2.52
176,-24.65,-4.48,-2.75,-2.38,-3.00,-2.54,-2.37,-2.52
177,-24.46,-4.49,-2.77,-2.38,-3.00,-2.54,-2.37,-2.52
178,-24.65,-4.50,-2.77,-2.38,-3.00,-2.54,-2.36,-2.52
179,-24.76,-4.52,-2.78,-2.38,-3.00,-2.54,-2.37,-2.53
180,-24.77,-4.53,-2.78,-2.39,-3.00,-2.54,-2.37,-2.53
181,-24.72,-4.53,-2.78,-2.38,-3.00,-2.54,-2.37,-2.53
182,-24.68,-4.54,-2.78,-2.39,-3.00,-2.55,-2.38,-2.53
183,-24.80,-4.56,-2.78,-2.40,-3.01,-2.56,-2.38,-2.54
184,-24.47,-4.57,-2.75,-2.39,-3.00,-2.55,-2.38,-2.54
185,-24.90,-4.57,-2.73,-2.39,-3.00,-2.54,-2.37,-2.53
186,-24.72,-4.59,-2.73,-2.39,-3.00,-2.54,-2.37,-2.53
187,-24.59,-4.60,-2.73,-2.39,-3.00,-2.54,-2.37,-2.53
188,-24.60,-4.61,-2.74,-2.39,-3.00,-2.54,-2.37,-2.54
189,-24.78,-4.62,-2.75,-2.39,-3.00,-2.54,-2.37,-2.53
190,-24.80,-4.63,-2.77,-2.40,-3.00,-2.54,-2.37,-2.53
191,-24.61,-4.63,-2.80,-2.40,-3.00,-2.54,-2.37,-2.54
192,-24.77,-4.65,-2.82,-2.40,-3.00,-2.55,-2.38,-2.54
193,-24.50,-4.66,-2.84,-2.40,-3.00,-2.55,-2.38,-2.54
194,-24.14,-4.68,-2.86,-2.40,-3.00,-2.55,-2.38,-2.54
195,-24.27,-4.70,-2.89,-2.40,-3.00,-2.55,-2.38,-2.54
196,-24.84,-4.71,-2.91,-2.40,-3.00,-2.55,-2.38,-2.55
197,-24.89,-4.72,-2.93,-2.40,-2.99,-2.55,-2.38,-2.54
198,-24.83,-4.73,-2.95,-2.40,-2.99,-2.55,-2.38,-2.54
199,-24.53,-4.75,-2.97,-2.40,-2.99,-2.55,-2.38,-2.55
200,-24.32,-4.76,-2.99,-2.40,-3.00,-2.56,-2.39,-2.55
201,-24.41,-4.77,-3.00,-2.40,-2.99,-2.55,-2.39,-2.55
202,-24.32,-4.77,-3.02,-2.41,-2.99,-2.56,-2.39,-2.55
203,-24.53,-4.78,-3.03,-2.40,-2.99,-2.56,-2.39,-2.56
204,-24.50,-4.79,-3.04,-2.40,-2.99,-2.56,-2.40,-2.56
205,-23.70,-4.80,-3.05,-2.40,-2.99,-2.56,-2.40,-2.56
206,-24.27,-4.82,-3.06,-2.40,-2.99,-2.56,-2.40,-2.56
207,-24.36,-4.80,-3.08,-2.41,-2.99,-2.57,-2.41,-2.57
208,-24.36,-4.80,-3.10,-2.41,-2.99,-2.58,-2.41,-2.57
209,-24.34,-4.82,-3.11,-2.42,-2.99,-2.58,-2.42,-2.58
210,-23.63,-4.83,-3.12,-2.41,-2.98,-2.58,-2.42,-2.57
211,-23.24,-4.85,-3.13,-2.42,-2.98,-2.58,-2.42,-2.58
212,-24.00,-4.86,-3.13,-2.41,-2.98,-2.58,-2.41,-2.57
213,-24.04,-4.88,-3.14,-2.42,-2.98,-2.58,-2.42,-2.57
214,-24.17,-4.89,-3.15,-2.42,-2.97,-2.58,-2.41,-2.57
215,-23.99,-4.90,-3.16,-2.42,-2.98,-2.58,-2.42,-2.58
216,-24.22,-4.92,-3.17,-2.42,-2.98,-2.58,-2.42,-2.58
217,-23.83,-4.93,-3.19,-2.42,-2.98,-2.58,-2.42,-2.58
218,-24.03,-4.94,-3.20,-2.43,-2.98,-2.58,-2.42,-2.57
219,-23.86,-4.95,-3.21,-2.42,-2.97,-2.58,-2.42,-2.57
220,-24.00,-4.95,-3.23,-2.43,-2.98,-2.58,-2.42,-2.58
221,-23.55,-4.91,-3.24,-2.43,-2.97,-2.58,-2.42,-2.58
222,-23.66,-4.92,-3.26,-2.43,-2.97,-2.58,-2.42,-2.58
223,-23.67,-4.94,-3.28,-2.43,-2.98,-2.59,-2.43,-2.59
224,-23.92,-4.97,-3.30,-2.43,-2.98,-2.59,-2.43,-2.58
225,-23.66,-5.01,-3.31,-2.43,-2.98,-2.59,-2.43,-2.59
226,-23.95,-5.03,-3.32,-2.43,-2.98,-2.59,-2.43,-2.59
227,-23.86,-5.06,-3.34,-2.43,-2.98,-2.60,-2.43,-2.59
228,-23.53,-5.00,-3.35,-2.44,-2.98,-2.60,-2.44,-2.59
229,-23.44,-5.02,-3.37,-2.44,-2.98,-2.60,-2.44,-2.60
230,-23.29,-5.05,-3.38,-2.44,-2.98,-2.60,-2.44,-2.60
231,-23.55,-5.07,-3.40,-2.44,-2.98,-2.60,-2.44,-2.60
232,-23.17,-5.09,-3.42,-2.45,-2.98,-2.61,-2.45,-2.60
233,-23.13,-5.11,-3.43,-2.45,-2.98,-2.61,-2.45,-2.60
234,-23.56,-5.12,-3.44,-2.44,-2.98,-2.60,-2.44,-2.60
235,-23.09,-5.13,-3.45,-2.44,-2.98,-2.60,-2.44,-2.60
236,-23.03,-5.15,-3.47,-2.44,-2.98,-2.61,-2.45,-2.60
237,-23.00,-5.17,-3.48,-2.44,-2.99,-2.61,-2.45,-2.61
238,-22.84,-5.18,-3.49,-2.44,-2.99,-2.62,-2.46,-2.61
239,-23.10,-5.19,-3.49,-2.43,-2.98,-2.61,-2.46,-2.61
240,-22.99,-5.20,-3.50,-2.43,-2.98,-2.61,-2.45,-2.61
241,-23.07,-5.22,-3.50,-2.43,-2.98,-2.61,-2.46,-2.61
242,-22.99,-5.23,-3.51,-2.43,-2.98,-2.61,-2.45,-2.61
243,-22.90,-5.24,-3.52,-2.43,-2.98,-2.61,-2.46,-2.62
244,-22.88,-5.25,-3.52,-2.43,-2.98,-2.61,-2.46,-2.61
245,-22.78,-5.27,-3.53,-2.44,-2.98,-2.61,-2.46,-2.62
246,-22.92,-5.29,-3.55,-2.44,-2.99,-2.62,-2.46,-2.62
247,-22.86,-5.30,-3.55,-2.43,-2.98,-2.61,-2.46,-2.62
248,-22.60,-5.31,-3.57,-2.44,-2.99,-2.62,-2.46,-2.62
249,-22.70,-5.32,-3.58,-2.44,-2.99,-2.62,-2.46,-2.62
250,-23.01,-5.33,-3.60,-2.44,-2.99,-2.62,-2.46,-2.63
251,-22.78,-5.34,-3.61,-2.45,-2.99,-2.62,-2.47,-2.63
252,-22.88,-5.35,-3.62,-2.45,-2.98,-2.62,-2.46,-2.62
253,-22.61,-5.36,-3.64,-2.45,-2.99,-2.63,-2.47,-2.63
254,-22.84,-5.37,-3.65,-2.46,-2.99,-2.63,-2.48,-2.64
255,-22.87,-5.38,-3.66,-2.46,-2.99,-2.63,-2.47,-2.64
256,-23.03,-5.39,-3.68,-2.46,-2.99,-2.63,-2.48,-2.64
257,-22.52,-5.40,-3.69,-2.46,-2.99,-2.63,-2.48,-2.64
258,-22.43,-5.41,-3.69,-2.46,-2.99,-2.63,-2.47,-2.63
259,-22.92,-5.42,-3.71,-2.46,-2.99,-2.63,-2.48,-2.64
260,-22.67,-5.42,-3.72,-2.46,-2.99,-2.63,-2.48,-2.64
261,-22.72,-5.43,-3.73,-2.47,-2.99,-2.63,-2.48,-2.64
262,-22.69,-5.45,-3.75,-2.47,-3.00,-2.64,-2.48,-2.64
263,-22.73,-5.46,-3.77,-2.48,-3.00,-2.64,-2.48,-2.64
264,-22.67,-5.47,-3.78,-2.49,-3.00,-2.64,-2.48,-2.65
265,-22.54,-5.49,-3.80,-2.49,-3.00,-2.65,-2.49,-2.65
266,-22.72,-5.49,-3.81,-2.50,-3.00,-2.65,-2.49,-2.65
267,-22.68,-5.49,-3.81,-2.49,-3.00,-2.65,-2.49,-2.64
268,-22.84,-5.51,-3.83,-2.50,-3.01,-2.65,-2.49,-2.65
269,-22.80,-5.51,-3.83,-2.50,-3.00,-2.65,-2.49,-2.64
270,-23.03,-5.53,-3.85,-2.50,-3.00,-2.65,-2.49,-2.65
271,-23.25,-5.54,-3.86,-2.50,-3.00,-2.65,-2.49,-2.65
272,-22.89,-5.55,-3.87,-2.50,-3.00,-2.66,-2.50,-2.65
273,-22.83,-5.55,-3.89,-2.51,-3.00,-2.66,-2.50,-2.66
274,-22.62,-5.56,-3.90,-2.53,-3.00,-2.66,-2.50,-2.66
275,-22.69,-5.56,-3.91,-2.53,-3.00,-2.66,-2.50,-2.66
276,-22.83,-5.56,-3.92,-2.54,-3.00,-2.66,-2.50,-2.66
277,-23.24,-5.57,-3.92,-2.56,-3.00,-2.66,-2.50,-2.66
278,-23.18,-5.58,-3.93,-2.56,-2.99,-2.65,-2.49,-2.65
279,-22.66,-5.59,-3.94,-2.57,-2.99,-2.66,-2.49,-2.66
280,-22.81,-5.60,-3.96,-2.58,-3.00,-2.66,-2.50,-2.66
281,-22.81,-5.60,-3.97,-2.58,-3.00,-2.66,-2.51,-2.67
282,-23.00,-5.60,-3.97,-2.57,-3.00,-2.66,-2.50,-2.66
283,-22.54,-5.60,-3.98,-2.56,-2.99,-2.66,-2.50,-2.66
284,-22.71,-5.60,-3.99,-2.56,-2.98,-2.66,-2.50,-2.66
285,-22.53,-5.60,-3.99,-2.56,-2.99,-2.66,-2.50,-2.66
286,-22.80,-5.60,-4.01,-2.56,-2.99,-2.67,-2.51,-2.67
287,-22.91,-5.60,-4.01,-2.56,-2.98,-2.66,-2.51,-2.67
288,-23.07,-5.61,-4.02,-2.56,-2.98,-2.67,-2.51,-2.67
289,-23.15,-5.61,-4.03,-2.56,-2.98,-2.67,-2.52,-2.68
290,-22.79,-5.62,-4.04,-2.56,-2.97,-2.67,-2.52,-2.67
291,-22.65,-5.63,-4.05,-2.58,-2.97,-2.68,-2.52,-2.68
292,-22.68,-5.64,-4.06,-2.58,-2.96,-2.68,-2.52,-2.68
293,-22.75,-5.64,-4.06,-2.59,-2.95,-2.68,-2.52,-2.68
294,-22.83,-5.65,-4.07,-2.60,-2.91,-2.67,-2.52,-2.68
295,-22.85,-5.66,-4.08,-2.61,-2.90,-2.68,-2.52,-2.68
296,-22.97,-5.66,-4.09,-2.62,-2.89,-2.67,-2.52,-2.68
297,-22.62,-5.67,-4.09,-2.64,-2.88,-2.67,-2.52,-2.68
298,-22.83,-5.67,-4.10,-2.65,-2.88,-2.67,-2.52,-2.68
299,-22.98,-5.69,-4.12,-2.67,-2.89,-2.68,-2.53,-2.69
300,-22.87,-5.70,-4.13,-2.68,-2.90,-2.69,-2.54,-2.69
301,-22.90,-5.71,-4.14,-2.69,-2.90,-2.69,-2.54,-2.70
302,-22.97,-5.72,-4.16,-2.70,-2.91,-2.69,-2.54,-2.70
303,-22.98,-5.74,-4.17,-2.71,-2.91,-2.69,-2.54,-2.70
304,-22.78,-5.75,-4.18,-2.72,-2.91,-2.69,-2.54,-2.71
305,-22.88,-5.75,-4.19,-2.73,-2.91,-2.70,-2.55,-2.71
306,-22.84,-5.76,-4.20,-2.74,-2.91,-2.70,-2.55,-2.71
307,-22.93,-5.77,-4.21,-2.74,-2.91,-2.70,-2.55,-2.71
308,-22.89,-5.77,-4.22,-2.74,-2.91,-2.69,-2.55,-2.71
309,-22.84,-5.78,-4.23,-2.75,-2.91,-2.69,-2.55,-2.71
310,-23.06,-5.79,-4.24,-2.77,-2.91,-2.69,-2.55,-2.71
311,-22.81,-5.79,-4.25,-2.78,-2.91,-2.69,-2.55,-2.71
312,-22.94,-5.80,-4.27,-2.79,-2.92,-2.70,-2.55,-2.72
313,-23.24,-5.79,-4.28,-2.80,-2.91,-2.69,-2.54,-2.71
314,-22.95,-5.79,-4.29,-2.81,-2.91,-2.70,-2.55,-2.71
315,-23.14,-5.79,-4.29,-2.82,-2.92,-2.70,-2.55,-2.71
316,-22.87,-5.80,-4.30,-2.84,-2.92,-2.70,-2.55,-2.72
317,-22.89,-5.80,-4.31,-2.86,-2.92,-2.70,-2.55,-2.72
318,-23.21,-5.81,-4.32,-2.88,-2.92,-2.71,-2.56,-2.72
319,-23.57,-5.82,-4.33,-2.89,-2.93,-2.71,-2.57,-2.73
320,-23.06,-5.83,-4.34,-2.90,-2.93,-2.71,-2.57,-2.73
321,-23.00,-5.84,-4.35,-2.90,-2.94,-2.72,-2.57,-2.73
322,-23.33,-5.84,-4.35,-2.90,-2.93,-2.71,-2.57,-2.73
323,-23.02,-5.85,-4.37,-2.91,-2.94,-2.72,-2.57,-2.73
324,-23.21,-5.85,-4.38,-2.92,-2.93,-2.72,-2.57,-2.73
325,-23.09,-5.87,-4.39,-2.93,-2.94,-2.73,-2.58,-2.74
326,-23.01,-5.87,-4.40,-2.93,-2.94,-2.73,-2.58,-2.74
327,-23.35,-5.87,-4.40,-2.93,-2.94,-2.72,-2.58,-2.74
328,-22.93,-5.87,-4.40,-2.93,-2.93,-2.72,-2.57,-2.73
329,-23.09,-5.89,-4.42,-2.94,-2.93,-2.72,-2.57,-2.73
330,-23.02,-5.90,-4.43,-2.96,-2.94,-2.72,-2.57,-2.73
331,-23.24,-5.91,-4.44,-2.96,-2.94,-2.72,-2.57,-2.73
332,-22.96,-5.91,-4.45,-2.97,-2.94,-2.72,-2.58,-2.73
333,-22.87,-5.92,-4.46,-2.97,-2.95,-2.73,-2.58,-2.73
334,-23.16,-5.92,-4.47,-2.98,-2.95,-2.73,-2.57,-2.72
335,-23.12,-5.93,-4.48,-2.98,-2.95,-2.73,-2.58,-2.73
336,-23.13,-5.95,-4.50,-2.99,-2.96,-2.74,-2.59,-2.74
337,-23.11,-5.95,-4.50,-2.99,-2.96,-2.73,-2.58,-2.74
338,-23.02,-5.95,-4.51,-2.99,-2.95,-2.73,-2.58,-2.74
339,-23.15,-5.95,-4.51,-3.00,-2.95,-2.73,-2.58,-2.74
340,-23.10,-5.96,-4.52,-3.01,-2.95,-2.73,-2.58,-2.73
341,-23.31,-5.96,-4.53,-3.01,-2.96,-2.73,-2.58,-2.73
342,-23.24,-5.98,-4.54,-3.03,-2.96,-2.74,-2.59,-2.74
343,-23.33,-5.99,-4.56,-3.05,-2.97,-2.74,-2.60,-2.75
344,-23.26,-6.00,-4.56,-3.06,-2.97,-2.75,-2.60,-2.75
345,-23.27,-6.00,-4.57,-3.07,-2.97,-2.74,-2.60,-2.75
346,-23.49,-6.00,-4.57,-3.08,-2.97,-2.74,-2.60,-2.75
347,-23.13,-6.00,-4.58,-3.10,-2.97,-2.75,-2.60,-2.76
348,-23.62,-6.01,-4.59,-3.11,-2.97,-2.75,-2.61,-2.76
349,-23.19,-6.01,-4.59,-3.12,-2.98,-2.75,-2.61,-2.76
350,-23.30,-6.01,-4.60,-3.14,-2.97,-2.75,-2.61,-2.76
351,-23.22,-6.02,-4.61,-3.16,-2.98,-2.76,-2.61,-2.77
352,-23.50,-6.02,-4.62,-3.17,-2.98,-2.76,-2.61,-2.77
353,-23.75,-6.02,-4.62,-3.18,-2.98,-2.76,-2.61,-2.77
354,-23.52,-6.03,-4.63,-3.20,-2.98,-2.76,-2.62,-2.77
355,-23.44,-6.05,-4.64,-3.22,-2.99,-2.76,-2.62,-2.78
356,-23.51,-6.06,-4.65,-3.24,-2.99,-2.76,-2.62,-2.78
357,-23.30,-6.07,-4.66,-3.25,-2.99,-2.76,-2.62,-2.78
358,-23.06,-6.08,-4.68,-3.27,-2.99,-2.77,-2.62,-2.78
359,-23.36,-6.09,-4.69,-3.28,-3.00,-2.77,-2.63,-2.79
360,-23.23,-6.10,-4.70,-3.29,-2.99,-2.77,-2.62,-2.79
361,-23.53,-6.11,-4.71,-3.30,-3.00,-2.77,-2.63,-2.79
362,-23.42,-6.12,-4.72,-3.31,-3.00,-2.78,-2.64,-2.79
363,-23.70,-6.13,-4.73,-3.31,-3.00,-2.78,-2.64,-2.80
364,-23.41,-6.13,-4.73,-3.31,-3.00,-2.77,-2.63,-2.79
365,-23.38,-6.12,-4.74,-3.32,-3.00,-2.77,-2.63,-2.79
366,-23.08,-6.15,-4.75,-3.33,-2.99,-2.77,-2.63,-2.79
367,-22.94,-6.17,-4.77,-3.34,-2.99,-2.78,-2.64,-2.80
368,-23.02,-6.18,-4.77,-3.33,-2.99,-2.78,-2.64,-2.80
369,-22.78,-6.19,-4.78,-3.34,-2.99,-2.78,-2.64,-2.80
370,-23.15,-6.20,-4.79,-3.34,-2.99,-2.78,-2.64,-2.80
371,-23.01,-6.21,-4.80,-3.34,-3.00,-2.78,-2.64,-2.80
372,-23.05,-6.22,-4.81,-3.36,-3.00,-2.78,-2.65,-2.81
373,-23.15,-6.23,-4.81,-3.36,-3.00,-2.78,-2.65,-2.81
374,-22.83,-6.25,-4.82,-3.38,-3.00,-2.79,-2.65,-2.81
375,-23.26,-6.25,-4.83,-3.38,-3.00,-2.78,-2.65,-2.81
376,-23.30,-6.26,-4.84,-3.39,-3.01,-2.79,-2.65,-2.82
377,-23.26,-6.26,-4.84,-3.40,-3.01,-2.79,-2.66,-2.82
378,-23.28,-6.27,-4.84,-3.41,-3.01,-2.78,-2.66,-2.82
379,-23.19,-6.28,-4.85,-3.41,-3.01,-2.79,-2.66,-2.82
380,-23.33,-6.29,-4.86,-3.43,-3.01,-2.79,-2.66,-2.83
381,-23.14,-6.30,-4.87,-3.44,-3.01,-2.79,-2.66,-2.83
382,-22.88,-6.31,-4.88,-3.44,-3.01,-2.79,-2.66,-2.83
383,-23.10,-6.32,-4.89,-3.45,-3.02,-2.79,-2.66,-2.83
384,-22.82,-6.32,-4.90,-3.47,-3.02,-2.79,-2.67,-2.83
385,-23.11,-6.33,-4.91,-3.48,-3.02,-2.80,-2.67,-2.84
386,-23.29,-6.34,-4.92,-3.49,-3.02,-2.80,-2.67,-2.84
387,-23.13,-6.34,-4.93,-3.50,-3.02,-2.80,-2.67,-2.84
388,-22.99,-6.35,-4.94,-3.51,-3.03,-2.80,-2.68,-2.84
389,-23.05,-6.35,-4.95,-3.52,-3.03,-2.81,-2.68,-2.85
390,-23.20,-6.36,-4.96,-3.53,-3.03,-2.81,-2.69,-2.85
391,-22.82,-6.37,-4.97,-3.55,-3.03,-2.81,-2.69,-2.85
392,-22.88,-6.37,-4.98,-3.56,-3.04,-2.81,-2.69,-2.85
393,-23.25,-6.38,-4.99,-3.57,-3.04,-2.81,-2.69,-2.85
394,-23.04,-6.39,-5.01,-3.58,-3.04,-2.82,-2.70,-2.86
395,-22.86,-6.40,-5.02,-3.59,-3.05,-2.82,-2.70,-2.86
396,-23.18,-6.40,-5.02,-3.60,-3.04,-2.82,-2.70,-2.85
397,-23.22,-6.40,-5.02,-3.60,-3.04,-2.82,-2.69,-2.85
398,-23.10,-6.41,-5.03,-3.61,-3.04,-2.82,-2.69,-2.85
399,-23.13,-6.42,-5.04,-3.62,-3.04,-2.82,-2.69,-2.85
400,-23.11,-6.42,-5.05,-3.63,-3.04,-2.82,-2.69,-2.85
401,-23.06,-6.43,-5.05,-3.64,-3.04,-2.82,-2.69,-2.85
402,-22.67,-6.44,-5.07,-3.66,-3.05,-2.84,-2.70,-2.85
403,-23.06,-6.46,-5.08,-3.67,-3.06,-2.83,-2.70,-2.85
404,-22.87,-6.46,-5.09,-3.68,-3.07,-2.84,-2.70,-2.86
405,-22.83,-6.46,-5.09,-3.69,-3.07,-2.83,-2.71,-2.86
406,-22.94,-6.46,-5.10,-3.71,-3.07,-2.83,-2.71,-2.86
407,-22.98,-6.46,-5.11,-3.72,-3.07,-2.83,-2.71,-2.86
408,-22.96,-6.46,-5.11,-3.72,-3.07,-2.83,-2.71,-2.86
409,-22.97,-6.47,-5.12,-3.74,-3.07,-2.84,-2.71,-2.87
410,-23.15,-6.48,-5.13,-3.75,-3.08,-2.84,-2.72,-2.87
411,-23.14,-6.49,-5.14,-3.76,-3.08,-2.84,-2.72,-2.87
412,-22.91,-6.49,-5.14,-3.76,-3.08,-2.84,-2.72,-2.87
413,-22.96,-6.50,-5.15,-3.77,-3.09,-2.84,-2.72,-2.88
414,-22.88,-6.51,-5.16,-3.79,-3.10,-2.85,-2.73,-2.88
415,-23.15,-6.51,-5.17,-3.79,-3.10,-2.85,-2.73,-2.88
416,-22.95,-6.52,-5.17,-3.80,-3.10,-2.85,-2.73,-2.88
417,-23.07,-6.53,-5.18,-3.81,-3.10,-2.85,-2.73,-2.89
418,-22.87,-6.54,-5.19,-3.82,-3.11,-2.86,-2.73,-2.89
419,-22.87,-6.55,-5.21,-3.84,-3.11,-2.86,-2.74,-2.90
420,-22.89,-6.55,-5.22,-3.85,-3.12,-2.87,-2.75,-2.90
421,-23.04,-6.56,-5.23,-3.86,-3.12,-2.87,-2.75,-2.90
422,-23.22,-6.57,-5.23,-3.87,-3.12,-2.87,-2.75,-2.90
423,-22.77,-6.58,-5.24,-3.87,-3.13,-2.87,-2.75,-2.90
424,-22.76,-6.59,-5.25,-3.88,-3.13,-2.87,-2.75,-2.90
425,-22.79,-6.60,-5.26,-3.90,-3.14,-2.87,-2.75,-2.91
426,-22.94,-6.60,-5.27,-3.90,-3.14,-2.87,-2.75,-2.91
427,-22.84,-6.61,-5.28,-3.91,-3.15,-2.88,-2.76,-2.91
428,-22.55,-6.62,-5.29,-3.92,-3.16,-2.87,-2.76,-2.91
429,-22.70,-6.62,-5.29,-3.93,-3.17,-2.87,-2.75,-2.91
430,-23.04,-6.63,-5.30,-3.94,-3.17,-2.88,-2.76,-2.91
431,-22.75,-6.64,-5.31,-3.95,-3.19,-2.88,-2.76,-2.91
432,-22.81,-6.65,-5.32,-3.97,-3.21,-2.89,-2.77,-2.92
433,-22.93,-6.66,-5.33,-3.97,-3.22,-2.89,-2.77,-2.92
434,-22.93,-6.67,-5.34,-3.98,-3.23,-2.89,-2.77,-2.92
435,-22.87,-6.68,-5.35,-3.99,-3.24,-2.89,-2.77,-2.93
436,-22.76,-6.69,-5.36,-4.00,-3.25,-2.88,-2.77,-2.93
437,-23.10,-6.69,-5.36,-4.01,-3.25,-2.89,-2.76,-2.93
438,-22.87,-6.70,-5.37,-4.02,-3.26,-2.89,-2.76,-2.93
439,-22.83,-6.71,-5.38,-4.03,-3.27,-2.89,-2.76,-2.93
440,-22.82,-6.72,-5.39,-4.04,-3.27,-2.89,-2.76,-2.93
441,-22.86,-6.73,-5.40,-4.05,-3.28,-2.89,-2.77,-2.93
442,-23.07,-6.74,-5.41,-4.07,-3.29,-2.90,-2.78,-2.94
443,-22.94,-6.75,-5.42,-4.07,-3.29,-2.90,-2.78,-2.94
444,-22.92,-6.74,-5.42,-4.08,-3.29,-2.90,-2.78,-2.94
445,-22.89,-6.75,-5.43,-4.08,-3.29,-2.90,-2.78,-2.95
446,-22.89,-6.76,-5.44,-4.10,-3.30,-2.90,-2.79,-2.95
447,-23.00,-6.76,-5.44,-4.10,-3.30,-2.90,-2.78,-2.95
448,-22.83,-6.77,-5.45,-4.11,-3.31,-2.90,-2.79,-2.95
449,-22.85,-6.77,-5.46,-4.12,-3.31,-2.91,-2.79,-2.95
450,-22.84,-6.78,-5.47,-4.13,-3.32,-2.91,-2.79,-2.95
451,-22.96,-6.78,-5.47,-4.14,-3.32,-2.91,-2.79,-2.95
452,-22.58,-6.78,-5.48,-4.14,-3.32,-2.91,-2.79,-2.95
453,-22.80,-6.79,-5.48,-4.15,-3.33,-2.91,-2.79,-2.95
454,-22.77,-6.79,-5.49,-4.16,-3.34,-2.91,-2.79,-2.95
455,-23.04,-6.78,-5.50,-4.17,-3.35,-2.92,-2.80,-2.96
456,-22.80,-6.79,-5.51,-4.18,-3.36,-2.92,-2.80,-2.95
457,-22.78,-6.81,-5.52,-4.19,-3.36,-2.92,-2.80,-2.95
458,-22.57,-6.82,-5.53,-4.20,-3.37,-2.92,-2.80,-2.96
459,-22.65,-6.83,-5.53,-4.20,-3.36,-2.92,-2.80,-2.96
460,-22.76,-6.84,-5.54,-4.21,-3.37,-2.92,-2.80,-2.96
461,-22.63,-6.84,-5.54,-4.22,-3.37,-2.92,-2.80,-2.96
462,-22.58,-6.84,-5.55,-4.22,-3.38,-2.92,-2.80,-2.96
463,-22.53,-6.84,-5.56,-4.23,-3.39,-2.92,-2.81,-2.96
464,-22.56,-6.85,-5.57,-4.25,-3.40,-2.93,-2.81,-2.96
465,-22.42,-6.87,-5.58,-4.25,-3.41,-2.93,-2.81,-2.97
466,-22.17,-6.89,-5.59,-4.27,-3.43,-2.94,-2.82,-2.97
467,-22.46,-6.89,-5.59,-4.27,-3.44,-2.93,-2.82,-2.97
468,-22.68,-6.90,-5.59,-4.28,-3.45,-2.93,-2.82,-2.97
469,-22.50,-6.91,-5.61,-4.29,-3.46,-2.94,-2.82,-2.98
470,-22.58,-6.92,-5.61,-4.29,-3.47,-2.94,-2.82,-2.98
471,-22.38,-6.94,-5.62,-4.30,-3.48,-2.94,-2.82,-2.98
472,-22.53,-6.95,-5.63,-4.31,-3.50,-2.94,-2.83,-2.99
473,-22.54,-6.95,-5.63,-4.31,-3.50,-2.94,-2.82,-2.98
474,-22.66,-6.96,-5.64,-4.32,-3.51,-2.94,-2.83,-2.99
475,-22.54,-6.97,-5.65,-4.33,-3.52,-2.94,-2.83,-2.99
476,-22.74,-6.97,-5.65,-4.33,-3.53,-2.95,-2.83,-2.99
477,-22.55,-6.98,-5.66,-4.34,-3.54,-2.95,-2.84,-2.99
478,-22.72,-6.98,-5.67,-4.35,-3.55,-2.95,-2.84,-2.99
479,-22.65,-6.98,-5.67,-4.36,-3.55,-2.95,-2.83,-2.99
480,-22.42,-6.99,-5.68,-4.37,-3.56,-2.95,-2.84,-3.00
481,-22.64,-7.01,-5.69,-4.38,-3.57,-2.95,-2.83,-2.99
482,-22.75,-7.02,-5.70,-4.39,-3.58,-2.96,-2.84,-3.00
483,-22.82,-7.03,-5.71,-4.40,-3.59,-2.96,-2.84,-3.00
484,-22.40,-7.03,-5.72,-4.41,-3.60,-2.97,-2.85,-3.00
485,-22.41,-7.03,-5.72,-4.42,-3.61,-2.97,-2.86,-3.01
486,-22.34,-7.04,-5.73,-4.43,-3.62,-2.98,-2.86,-3.01
487,-22.41,-7.04,-5.74,-4.44,-3.63,-2.98,-2.86,-3.01
488,-22.38,-7.04,-5.74,-4.44,-3.63,-2.98,-2.86,-3.01
489,-22.47,-7.04,-5.75,-4.45,-3.64,-2.97,-2.85,-3.01
490,-22.34,-7.03,-5.75,-4.46,-3.64,-2.98,-2.85,-3.01
491,-22.33,-7.02,-5.75,-4.46,-3.64,-2.97,-2.85,-3.01
492,-22.16,-7.02,-5.76,-4.46,-3.65,-2.98,-2.86,-3.01
493,-22.35,-7.03,-5.77,-4.47,-3.65,-2.98,-2.86,-3.01
494,-22.40,-7.04,-5.77,-4.48,-3.66,-2.98,-2.86,-3.02
495,-22.39,-7.06,-5.78,-4.49,-3.66,-2.98,-2.87,-3.02
496,-22.43,-7.08,-5.79,-4.50,-3.67,-2.99,-2.87,-3.03
497,-22.63,-7.09,-5.80,-4.51,-3.69,-2.99,-2.88,-3.03
498,-22.37,-7.09,-5.81,-4.52,-3.69,-2.99,-2.87,-3.03
499,-22.19,-7.09,-5.81,-4.52,-3.70,-2.99,-2.87,-3.03
500,-22.31,-7.10,-5.82,-4.53,-3.71,-2.99,-2.88,-3.03
501,-22.20,-7.11,-5.83,-4.54,-3.72,-3.00,-2.88,-3.04
502,-22.32,-7.11,-5.84,-4.55,-3.73,-2.99,-2.88,-3.04
503,-22.34,-7.13,-5.85,-4.56,-3.74,-3.00,-2.89,-3.04
504,-22.17,-7.13,-5.85,-4.57,-3.74,-3.00,-2.88,-3.04
505,-22.49,-7.14,-5.85,-4.57,-3.75,-3.00,-2.88,-3.04
506,-22.45,-7.15,-5.87,-4.58,-3.76,-3.00,-2.89,-3.04
507,-22.40,-7.15,-5.87,-4.59,-3.77,-3.01,-2.89,-3.05
508,-22.07,-7.15,-5.88,-4.60,-3.78,-3.01,-2.89,-3.05
509,-22.13,-7.15,-5.89,-4.61,-3.79,-3.01,-2.89,-3.05
510,-22.31,-7.15,-5.89,-4.62,-3.80,-3.01,-2.89,-3.05
511,-22.29,-7.15,-5.90,-4.62,-3.81,-3.01,-2.89,-3.05
512,-22.28,-7.15,-5.90,-4.63,-3.82,-3.01,-2.89,-3.04
513,-22.09,-7.16,-5.91,-4.64,-3.82,-3.01,-2.89,-3.04
514,-22.12,-7.16,-5.91,-4.64,-3.83,-3.01,-2.89,-3.04
515,-22.09,-7.17,-5.92,-4.66,-3.84,-3.01,-2.89,-3.05
516,-22.35,-7.18,-5.93,-4.66,-3.85,-3.01,-2.89,-3.05
517,-22.27,-7.19,-5.94,-4.68,-3.87,-3.02,-2.90,-3.06
518,-22.12,-7.20,-5.94,-4.68,-3.87,-3.02,-2.90,-3.06
519,-22.35,-7.21,-5.96,-4.69,-3.89,-3.03,-2.91,-3.07
520,-22.29,-7.21,-5.96,-4.70,-3.89,-3.03,-2.91,-3.07
521,-22.13,-7.23,-5.97,-4.71,-3.90,-3.04,-2.91,-3.07
522,-22.27,-7.25,-5.98,-4.72,-3.91,-3.04,-2.92,-3.07
523,-22.37,-7.26,-5.98,-4.72,-3.91,-3.04,-2.91,-3.07
524,-22.20,-7.27,-5.99,-4.73,-3.91,-3.03,-2.91,-3.07
525,-22.05,-7.30,-6.01,-4.74,-3.93,-3.04,-2.92,-3.08
526,-22.25,-7.32,-6.02,-4.76,-3.94,-3.05,-2.93,-3.08
527,-21.95,-7.33,-6.03,-4.77,-3.95,-3.06,-2.93,-3.09
528,-22.09,-7.33,-6.03,-4.77,-3.95,-3.05,-2.93,-3.08
529,-22.18,-7.34,-6.05,-4.78,-3.96,-3.06,-2.93,-3.09
530,-21.88,-7.35,-6.06,-4.79,-3.97,-3.06,-2.93,-3.09
531,-21.72,-7.36,-6.07,-4.80,-3.99,-3.07,-2.93,-3.09
532,-21.88,-7.35,-6.07,-4.80,-3.99,-3.06,-2.93,-3.09
533,-22.00,-7.37,-6.08,-4.81,-4.00,-3.06,-2.94,-3.09
534,-22.02,-7.37,-6.08,-4.81,-4.01,-3.06,-2.94,-3.09
535,-22.02,-7.38,-6.09,-4.82,-4.01,-3.06,-2.94,-3.09
536,-22.11,-7.39,-6.09,-4.82,-4.02,-3.06,-2.94,-3.09
537,-22.03,-7.41,-6.11,-4.84,-4.03,-3.07,-2.95,-3.10
538,-21.86,-7.42,-6.12,-4.85,-4.04,-3.07,-2.95,-3.10
539,-22.04,-7.43,-6.13,-4.86,-4.05,-3.08,-2.95,-3.10
540,-22.17,-7.44,-6.13,-4.87,-4.06,-3.08,-2.96,-3.10
541,-22.28,-7.46,-6.15,-4.88,-4.07,-3.09,-2.96,-3.11
542,-22.22,-7.46,-6.15,-4.89,-4.08,-3.08,-2.96,-3.11
543,-21.98,-7.47,-6.16,-4.90,-4.08,-3.09,-2.96,-3.11
544,-21.92,-7.48,-6.17,-4.91,-4.10,-3.09,-2.96,-3.12
545,-22.04,-7.49,-6.18,-4.92,-4.11,-3.09,-2.97,-3.13
546,-21.91,-7.49,-6.19,-4.92,-4.11,-3.09,-2.97,-3.12
547,-22.13,-7.50,-6.20,-4.93,-4.12,-3.10,-2.97,-3.13
548,-21.95,-7.51,-6.21,-4.94,-4.13,-3.10,-2.97,-3.13
549,-21.98,-7.51,-6.21,-4.95,-4.14,-3.10,-2.97,-3.13
550,-21.67,-7.52,-6.22,-4.96,-4.15,-3.11,-2.98,-3.14
551,-22.16,-7.53,-6.23,-4.96,-4.15,-3.11,-2.98,-3.14
552,-21.93,-7.54,-6.24,-4.97,-4.16,-3.11,-2.98,-3.14
553,-22.03,-7.54,-6.24,-4.98,-4.16,-3.12,-2.98,-3.14
554,-22.37,-7.54,-6.25,-4.98,-4.16,-3.11,-2.97,-3.13
555,-22.26,-7.55,-6.25,-4.99,-4.17,-3.11,-2.97,-3.13
556,-22.17,-7.56,-6.27,-5.00,-4.18,-3.12,-2.98,-3.13
557,-22.28,-7.57,-6.27,-5.01,-4.18,-3.12,-2.99,-3.14
558,-22.02,-7.58,-6.28,-5.02,-4.19,-3.12,-2.99,-3.14
559,-22.17,-7.58,-6.28,-5.02,-4.20,-3.12,-2.99,-3.14
560,-22.33,-7.59,-6.29,-5.03,-4.21,-3.12,-2.99,-3.14
561,-21.96,-7.60,-6.30,-5.04,-4.22,-3.12,-3.00,-3.15
562,-21.83,-7.61,-6.31,-5.05,-4.22,-3.12,-2.99,-3.14
563,-22.01,-7.62,-6.32,-5.06,-4.23,-3.12,-3.00,-3.15
564,-21.82,-7.62,-6.32,-5.06,-4.24,-3.12,-2.99,-3.15
565,-22.03,-7.62,-6.33,-5.07,-4.24,-3.12,-2.99,-3.15
566,-22.21,-7.63,-6.34,-5.08,-4.25,-3.13,-3.00,-3.16
567,-22.07,-7.63,-6.34,-5.09,-4.26,-3.12,-3.00,-3.16
568,-22.09,-7.64,-6.35,-5.09,-4.26,-3.13,-3.00,-3.16
569,-21.97,-7.65,-6.37,-5.11,-4.28,-3.14,-3.01,-3.17
570,-22.28,-7.67,-6.37,-5.12,-4.29,-3.14,-3.01,-3.17
571,-22.35,-7.68,-6.39,-5.13,-4.29,-3.15,-3.02,-3.17
572,-22.22,-7.69,-6.40,-5.14,-4.30,-3.15,-3.02,-3.18
573,-22.17,-7.70,-6.41,-5.14,-4.31,-3.15,-3.03,-3.18
574,-22.11,-7.70,-6.41,-5.15,-4.31,-3.15,-3.03,-3.18
575,-22.27,-7.70,-6.42,-5.16,-4.32,-3.16,-3.03,-3.18
576,-21.98,-7.72,-6.43,-5.17,-4.33,-3.16,-3.03,-3.19
577,-22.09,-7.73,-6.44,-5.18,-4.35,-3.17,-3.04,-3.19
578,-22.01,-7.72,-6.45,-5.18,-4.35,-3.17,-3.04,-3.19
579,-22.19,-7.71,-6.45,-5.19,-4.35,-3.17,-3.04,-3.19
580,-22.04,-7.71,-6.45,-5.19,-4.35,-3.17,-3.04,-3.19
581,-22.21,-7.72,-6.46,-5.20,-4.36,-3.17,-3.04,-3.19
582,-21.95,-7.73,-6.47,-5.21,-4.37,-3.17,-3.04,-3.19
583,-21.80,-7.74,-6.48,-5.23,-4.38,-3.18,-3.05,-3.20
584,-21.97,-7.74,-6.48,-5.23,-4.38,-3.17,-3.04,-3.19
585,-22.07,-7.75,-6.48,-5.23,-4.39,-3.17,-3.04,-3.19
586,-21.88,-7.76,-6.49,-5.24,-4.39,-3.17,-3.04,-3.19
587,-22.00,-7.77,-6.50,-5.25,-4.40,-3.17,-3.05,-3.19
588,-22.05,-7.77,-6.51,-5.25,-4.41,-3.18,-3.05,-3.20
589,-22.16,-7.78,-6.52,-5.26,-4.42,-3.18,-3.05,-3.20
590,-21.94,-7.78,-6.52,-5.27,-4.43,-3.19,-3.05,-3.20
591,-21.65,-7.79,-6.54,-5.28,-4.44,-3.20,-3.06,-3.20
592,-21.48,-7.80,-6.54,-5.29,-4.45,-3.20,-3.06,-3.21
593,-21.82,-7.80,-6.55,-5.30,-4.46,-3.20,-3.07,-3.21
594,-21.98,-7.81,-6.55,-5.30,-4.47,-3.20,-3.06,-3.21
595,-21.75,-7.81,-6.56,-5.31,-4.48,-3.21,-3.07,-3.21
596,-21.89,-7.82,-6.57,-5.32,-4.50,-3.21,-3.07,-3.21
597,-22.07,-7.83,-6.58,-5.33,-4.51,-3.22,-3.08,-3.22
598,-21.85,-7.84,-6.59,-5.34,-4.52,-3.22,-3.08,-3.22
599,-21.91,-7.84,-6.59,-5.35,-4.53,-3.22,-3.08,-3.21
600,-21.89,-7.85,-6.60,-5.36,-4.53,-3.23,-3.08,-3.22
601,-21.81,-7.86,-6.61,-5.36,-4.54,-3.23,-3.08,-3.22
602,-22.11,-7.86,-6.61,-5.37,-4.55,-3.23,-3.08,-3.22
603,-21.97,-7.87,-6.62,-5.37,-4.56,-3.24,-3.08,-3.22
604,-21.87,-7.88,-6.63,-5.38,-4.57,-3.24,-3.09,-3.23
605,-22.09,-7.89,-6.63,-5.39,-4.57,-3.24,-3.09,-3.22
606,-22.06,-7.90,-6.64,-5.39,-4.58,-3.24,-3.09,-3.22
607,-21.79,-7.91,-6.65,-5.40,-4.59,-3.24,-3.09,-3.23
608,-21.86,-7.92,-6.66,-5.41,-4.60,-3.25,-3.09,-3.23
609,-21.72,-7.92,-6.67,-5.42,-4.60,-3.25,-3.10,-3.24
610,-22.07,-7.93,-6.68,-5.43,-4.61,-3.25,-3.10,-3.24
611,-21.83,-7.94,-6.68,-5.43,-4.62,-3.25,-3.10,-3.24
612,-21.99,-7.93,-6.68,-5.43,-4.62,-3.24,-3.10,-3.23
613,-22.15,-7.95,-6.70,-5.45,-4.63,-3.25,-3.11,-3.24
614,-22.29,-7.96,-6.70,-5.46,-4.64,-3.25,-3.10,-3.24
615,-21.90,-7.97,-6.71,-5.46,-4.64,-3.25,-3.11,-3.24
616,-22.03,-7.98,-6.71,-5.47,-4.64,-3.25,-3.11,-3.24
617,-21.70,-7.99,-6.72,-5.48,-4.65,-3.26,-3.11,-3.25
618,-21.69,-7.99,-6.73,-5.49,-4.66,-3.27,-3.11,-3.25
619,-21.78,-8.01,-6.74,-5.50,-4.67,-3.27,-3.12,-3.26
620,-21.99,-8.01,-6.75,-5.50,-4.67,-3.29,-3.12,-3.26
621,-21.41,-8.02,-6.76,-5.51,-4.68,-3.31,-3.13,-3.27
622,-21.85,-8.02,-6.77,-5.52,-4.68,-3.32,-3.13,-3.27
623,-21.94,-8.03,-6.77,-5.53,-4.68,-3.32,-3.13,-3.28
624,-22.00,-8.04,-6.78,-5.54,-4.69,-3.33,-3.14,-3.28
625,-21.82,-8.05,-6.79,-5.54,-4.70,-3.33,-3.14,-3.28
626,-22.06,-8.05,-6.79,-5.55,-4.70,-3.33,-3.14,-3.28
627,-21.87,-8.06,-6.80,-5.56,-4.71,-3.34,-3.15,-3.28
628,-21.98,-8.06,-6.80,-5.56,-4.71,-3.34,-3.14,-3.28
629,-21.87,-8.06,-6.81,-5.57,-4.72,-3.34,-3.15,-3.29
630,-21.78,-8.07,-6.82,-5.58,-4.73,-3.35,-3.15,-3.30
631,-22.05,-8.08,-6.83,-5.58,-4.73,-3.36,-3.16,-3.29
632,-21.93,-8.09,-6.83,-5.59,-4.74,-3.37,-3.16,-3.30
633,-21.68,-8.09,-6.84,-5.60,-4.75,-3.38,-3.15,-3.29
634,-21.54,-8.10,-6.85,-5.61,-4.76,-3.39,-3.16,-3.30
635,-21.71,-8.11,-6.85,-5.61,-4.76,-3.40,-3.16,-3.29
636,-21.60,-8.11,-6.86,-5.62,-4.77,-3.41,-3.16,-3.30
637,-21.88,-8.11,-6.86,-5.63,-4.78,-3.42,-3.16,-3.30
638,-21.76,-8.12,-6.87,-5.63,-4.79,-3.43,-3.17,-3.30
639,-21.77,-8.12,-6.88,-5.64,-4.80,-3.44,-3.17,-3.30
640,-21.84,-8.13,-6.88,-5.65,-4.80,-3.44,-3.17,-3.30
641,-21.87,-8.13,-6.89,-5.66,-4.81,-3.45,-3.18,-3.31
642,-21.71,-8.13,-6.90,-5.67,-4.82,-3.47,-3.18,-3.32
643,-21.56,-8.13,-6.90,-5.67,-4.82,-3.47,-3.18,-3.32
644,-21.51,-8.14,-6.91,-5.68,-4.83,-3.48,-3.19,-3.33
645,-21.68,-8.15,-6.92,-5.69,-4.84,-3.48,-3.19,-3.33
646,-21.60,-8.16,-6.92,-5.69,-4.85,-3.49,-3.19,-3.33
647,-21.55,-8.17,-6.94,-5.71,-4.86,-3.50,-3.20,-3.33
648,-21.91,-8.18,-6.94,-5.71,-4.87,-3.51,-3.20,-3.33
649,-21.80,-8.19,-6.95,-5.72,-4.87,-3.51,-3.20,-3.32
650,-21.53,-8.20,-6.96,-5.73,-4.88,-3.52,-3.20,-3.33
651,-21.87,-8.21,-6.97,-5.73,-4.89,-3.53,-3.20,-3.33
652,-22.04,-8.21,-6.97,-5.74,-4.90,-3.53,-3.21,-3.33
653,-21.73,-8.22,-6.98,-5.75,-4.91,-3.55,-3.21,-3.34
654,-21.86,-8.22,-6.99,-5.75,-4.91,-3.55,-3.21,-3.34
655,-21.46,-8.22,-6.99,-5.76,-4.92,-3.56,-3.21,-3.34
656,-21.99,-8.22,-6.99,-5.77,-4.93,-3.57,-3.21,-3.34
657,-21.56,-8.24,-7.00,-5.78,-4.93,-3.57,-3.22,-3.34
658,-21.73,-8.24,-7.01,-5.78,-4.94,-3.57,-3.22,-3.34
659,-21.82,-8.25,-7.02,-5.79,-4.95,-3.58,-3.22,-3.34
660,-21.51,-8.25,-7.02,-5.79,-4.95,-3.58,-3.22,-3.34
661,-21.50,-8.25,-7.03,-5.80,-4.96,-3.59,-3.22,-3.34
662,-21.46,-8.26,-7.04,-5.81,-4.97,-3.59,-3.22,-3.35
663,-21.82,-8.27,-7.04,-5.82,-4.98,-3.59,-3.22,-3.34
664,-21.76,-8.27,-7.05,-5.83,-4.99,-3.59,-3.23,-3.35
665,-21.65,-8.28,-7.06,-5.84,-5.00,-3.59,-3.23,-3.35
666,-21.50,-8.29,-7.07,-5.85,-5.01,-3.61,-3.24,-3.35
667,-21.51,-8.29,-7.07,-5.85,-5.01,-3.61,-3.24,-3.35
668,-21.87,-8.29,-7.08,-5.86,-5.02,-3.63,-3.24,-3.35
669,-21.69,-8.31,-7.09,-5.87,-5.03,-3.64,-3.25,-3.36
670,-21.46,-8.30,-7.09,-5.87,-5.04,-3.65,-3.25,-3.36
671,-21.27,-8.31,-7.10,-5.88,-5.05,-3.66,-3.25,-3.36
672,-21.47,-8.32,-7.11,-5.89,-5.05,-3.67,-3.25,-3.36
673,-21.60,-8.32,-7.11,-5.89,-5.06,-3.68,-3.25,-3.37
674,-21.53,-8.33,-7.12,-5.90,-5.07,-3.68,-3.25,-3.36
675,-21.79,-8.34,-7.13,-5.91,-5.08,-3.70,-3.26,-3.37
676,-21.64,-8.36,-7.14,-5.92,-5.09,-3.71,-3.27,-3.38
677,-21.65,-8.37,-7.15,-5.93,-5.10,-3.72,-3.27,-3.38
678,-21.77,-8.37,-7.15,-5.93,-5.10,-3.72,-3.27,-3.38
679,-21.44,-8.38,-7.16,-5.94,-5.11,-3.73,-3.27,-3.38
680,-21.61,-8.39,-7.16,-5.95,-5.11,-3.74,-3.27,-3.38
681,-21.59,-8.40,-7.18,-5.96,-5.13,-3.75,-3.28,-3.39
682,-21.49,-8.40,-7.18,-5.96,-5.13,-3.75,-3.28,-3.39
683,-21.56,-8.41,-7.19,-5.97,-5.14,-3.76,-3.29,-3.39
684,-21.60,-8.42,-7.19,-5.97,-5.15,-3.77,-3.29,-3.39
685,-21.40,-8.42,-7.20,-5.98,-5.15,-3.77,-3.30,-3.38
686,-21.44,-8.43,-7.21,-5.99,-5.16,-3.78,-3.30,-3.39
687,-21.46,-8.43,-7.22,-6.00,-5.17,-3.79,-3.30,-3.39
688,-21.66,-8.44,-7.23,-6.01,-5.18,-3.79,-3.31,-3.40
689,-21.50,-8.44,-7.23,-6.02,-5.19,-3.80,-3.31,-3.41
690,-21.59,-8.45,-7.24,-6.02,-5.19,-3.80,-3.31,-3.41
691,-21.37,-8.45,-7.24,-6.02,-5.20,-3.80,-3.31,-3.41
692,-21.33,-8.45,-7.24,-6.03,-5.21,-3.81,-3.31,-3.41
693,-21.48,-8.46,-7.25,-6.04,-5.22,-3.82,-3.31,-3.42
694,-21.63,-8.47,-7.26,-6.05,-5.23,-3.83,-3.32,-3.42
695,-21.49,-8.48,-7.27,-6.05,-5.23,-3.83,-3.32,-3.42
696,-21.60,-8.48,-7.27,-6.06,-5.23,-3.83,-3.32,-3.42
697,-21.62,-8.50,-7.28,-6.07,-5.24,-3.84,-3.33,-3.43
698,-21.58,-8.50,-7.29,-6.07,-5.25,-3.84,-3.33,-3.43
699,-21.41,-8.52,-7.30,-6.08,-5.26,-3.85,-3.33,-3.44
700,-21.29,-8.52,-7.30,-6.09,-5.26,-3.85,-3.33,-3.44
701,-21.46,-8.51,-7.30,-6.09,-5.26,-3.85,-3.33,-3.43
702,-21.82,-8.52,-7.31,-6.10,-5.27,-3.85,-3.33,-3.44
703,-21.58,-8.53,-7.32,-6.11,-5.28,-3.85,-3.34,-3.44
704,-21.32,-8.54,-7.32,-6.11,-5.28,-3.86,-3.34,-3.44
705,-21.72,-8.56,-7.33,-6.12,-5.29,-3.86,-3.34,-3.44
706,-21.46,-8.56,-7.34,-6.13,-5.30,-3.87,-3.35,-3.45
707,-21.12,-8.57,-7.35,-6.14,-5.30,-3.87,-3.34,-3.45
708,-21.22,-8.58,-7.36,-6.14,-5.31,-3.87,-3.35,-3.45
709,-21.17,-8.59,-7.36,-6.15,-5.32,-3.88,-3.35,-3.45
710,-20.79,-8.60,-7.37,-6.16,-5.32,-3.88,-3.35,-3.46
711,-21.01,-8.60,-7.38,-6.17,-5.33,-3.89,-3.35,-3.46
712,-21.03,-8.60,-7.38,-6.17,-5.34,-3.90,-3.36,-3.46
713,-21.15,-8.61,-7.39,-6.18,-5.35,-3.91,-3.37,-3.47
714,-20.97,-8.61,-7.39,-6.18,-5.35,-3.92,-3.37,-3.47
715,-21.26,-8.62,-7.40,-6.19,-5.37,-3.93,-3.38,-3.47
716,-21.12,-8.63,-7.41,-6.20,-5.37,-3.94,-3.38,-3.48
717,-21.20,-8.64,-7.41,-6.20,-5.38,-3.94,-3.38,-3.47
718,-21.35,-8.65,-7.43,-6.22,-5.39,-3.95,-3.39,-3.48
719,-20.92,-8.66,-7.43,-6.22,-5.39,-3.96,-3.39,-3.49
720,-20.80,-8.66,-7.44,-6.23,-5.40,-3.97,-3.40,-3.49
721,-20.99,-8.67,-7.45,-6.24,-5.41,-3.98,-3.40,-3.50
722,-21.26,-8.67,-7.45,-6.24,-5.41,-3.98,-3.41,-3.50
723,-21.14,-8.68,-7.46,-6.25,-5.42,-3.99,-3.41,-3.50
724,-21.21,-8.69,-7.46,-6.25,-5.43,-3.99,-3.41,-3.50
725,-21.29,-8.69,-7.47,-6.26,-5.43,-4.00,-3.41,-3.50
726,-21.20,-8.69,-7.47,-6.27,-5.44,-4.01,-3.42,-3.51
727,-21.25,-8.70,-7.48,-6.28,-5.45,-4.01,-3.42,-3.51
728,-21.15,-8.70,-7.48,-6.28,-5.45,-4.02,-3.42,-3.51
729,-20.91,-8.70,-7.49,-6.28,-5.46,-4.02,-3.42,-3.51
730,-20.91,-8.71,-7.49,-6.29,-5.47,-4.03,-3.43,-3.51
731,-21.16,-8.71,-7.50,-6.30,-5.48,-4.04,-3.43,-3.52
732,-20.79,-8.72,-7.51,-6.31,-5.49,-4.05,-3.44,-3.52
733,-21.12,-8.72,-7.51,-6.31,-5.49,-4.05,-3.44,-3.52
734,-21.15,-8.73,-7.52,-6.32,-5.50,-4.06,-3.44,-3.52
735,-21.45,-8.74,-7.53,-6.34,-5.51,-4.07,-3.45,-3.53
736,-21.25,-8.74,-7.53,-6.34,-5.51,-4.07,-3.45,-3.53
737,-21.27,-8.75,-7.54,-6.35,-5.52,-4.08,-3.45,-3.53
738,-21.20,-8.76,-7.54,-6.35,-5.53,-4.09,-3.46,-3.53
739,-21.45,-8.76,-7.55,-6.36,-5.54,-4.10,-3.46,-3.53
740,-21.39,-8.77,-7.55,-6.36,-5.54,-4.10,-3.46,-3.53
741,-21.36,-8.79,-7.57,-6.38,-5.56,-4.11,-3.47,-3.54
742,-21.55,-8.78,-7.57,-6.39,-5.56,-4.11,-3.47,-3.54
743,-21.06,-8.79,-7.58,-6.39,-5.57,-4.12,-3.47,-3.55
744,-21.46,-8.80,-7.59,-6.40,-5.58,-4.13,-3.48,-3.55
745,-21.51,-8.80,-7.59,-6.41,-5.58,-4.13,-3.48,-3.56
746,-21.43,-8.81,-7.60,-6.41,-5.59,-4.14,-3.49,-3.56
747,-21.17,-8.81,-7.61,-6.42,-5.60,-4.14,-3.49,-3.57
748,-21.26,-8.82,-7.61,-6.43,-5.61,-4.16,-3.50,-3.58
749,-21.18,-8.82,-7.62,-6.43,-5.62,-4.17,-3.50,-3.58
750,-21.38,-8.83,-7.62,-6.44,-5.63,-4.18,-3.51,-3.58
751,-21.36,-8.83,-7.63,-6.44,-5.63,-4.18,-3.51,-3.58
752,-21.36,-8.83,-7.63,-6.45,-5.63,-4.18,-3.51,-3.58
753,-21.27,-8.84,-7.64,-6.46,-5.64,-4.19,-3.51,-3.59
754,-21.60,-8.84,-7.64,-6.46,-5.65,-4.20,-3.51,-3.59
755,-21.45,-8.86,-7.65,-6.47,-5.66,-4.21,-3.52,-3.59
756,-21.24,-8.86,-7.66,-6.48,-5.66,-4.22,-3.52,-3.59
757,-20.90,-8.87,-7.67,-6.49,-5.68,-4.23,-3.52,-3.59
758,-20.96,-8.87,-7.67,-6.50,-5.68,-4.24,-3.53,-3.60
759,-21.14,-8.86,-7.67,-6.50,-5.69,-4.25,-3.53,-3.60
760,-20.99,-8.87,-7.68,-6.51,-5.70,-4.27,-3.55,-3.61
761,-21.43,-8.88,-7.69,-6.51,-5.71,-4.28,-3.55,-3.61
762,-21.37,-8.88,-7.69,-6.52,-5.71,-4.28,-3.54,-3.61
763,-21.37,-8.90,-7.70,-6.53,-5.72,-4.29,-3.55,-3.61
764,-21.16,-8.90,-7.71,-6.54,-5.73,-4.30,-3.56,-3.62
765,-21.31,-8.90,-7.72,-6.54,-5.73,-4.30,-3.56,-3.62
766,-21.36,-8.91,-7.73,-6.55,-5.74,-4.32,-3.56,-3.62
767,-21.58,-8.91,-7.74,-6.56,-5.75,-4.33,-3.57,-3.62
768,-21.29,-8.92,-7.74,-6.56,-5.76,-4.34,-3.57,-3.62
769,-21.25,-8.92,-7.74,-6.57,-5.76,-4.34,-3.58,-3.62
770,-21.20,-8.92,-7.75,-6.57,-5.77,-4.36,-3.58,-3.63
771,-21.17,-8.92,-7.75,-6.58,-5.78,-4.37,-3.58,-3.63
772,-21.43,-8.93,-7.76,-6.59,-5.79,-4.38,-3.59,-3.64
773,-20.99,-8.93,-7.77,-6.59,-5.80,-4.39,-3.59,-3.64
774,-21.07,-8.94,-7.78,-6.60,-5.80,-4.40,-3.60,-3.65
775,-21.37,-8.95,-7.78,-6.61,-5.81,-4.41,-3.61,-3.65
776,-21.30,-8.95,-7.79,-6.62,-5.82,-4.42,-3.61,-3.65
777,-21.18,-8.96,-7.79,-6.62,-5.82,-4.42,-3.62,-3.65
778,-21.14,-8.96,-7.80,-6.63,-5.83,-4.43,-3.62,-3.66
779,-21.19,-8.97,-7.81,-6.64,-5.84,-4.44,-3.62,-3.66
780,-21.45,-8.97,-7.81,-6.64,-5.85,-4.45,-3.62,-3.67
781,-21.40,-8.98,-7.82,-6.65,-5.86,-4.45,-3.63,-3.67
782,-21.20,-8.99,-7.83,-6.66,-5.86,-4.46,-3.63,-3.68
783,-21.52,-9.00,-7.84,-6.67,-5.87,-4.47,-3.64,-3.68
784,-21.23,-9.00,-7.84,-6.67,-5.88,-4.48,-3.63,-3.68
785,-21.45,-9.00,-7.84,-6.68,-5.88,-4.48,-3.63,-3.67
786,-21.08,-9.01,-7.85,-6.69,-5.90,-4.49,-3.64,-3.68
787,-21.06,-9.01,-7.86,-6.70,-5.90,-4.50,-3.64,-3.68
788,-21.31,-9.01,-7.87,-6.70,-5.91,-4.51,-3.64,-3.68
789,-21.45,-9.01,-7.87,-6.71,-5.92,-4.51,-3.64,-3.68
790,-21.20,-9.02,-7.88,-6.72,-5.93,-4.52,-3.65,-3.68
791,-21.08,-9.03,-7.88,-6.73,-5.94,-4.53,-3.65,-3.69
792,-21.51,-9.03,-7.89,-6.73,-5.94,-4.54,-3.66,-3.69
793,-21.44,-9.04,-7.90,-6.75,-5.95,-4.55,-3.67,-3.69
794,-21.68,-9.05,-7.90,-6.75,-5.96,-4.55,-3.67,-3.69
795,-21.47,-9.06,-7.92,-6.76,-5.97,-4.57,-3.68,-3.70
796,-21.54,-9.07,-7.92,-6.76,-5.97,-4.57,-3.68,-3.70
797,-21.41,-9.07,-7.93,-6.77,-5.98,-4.58,-3.68,-3.70
798,-21.27,-9.08,-7.93,-6.78,-5.99,-4.59,-3.69,-3.71
799,-21.35,-9.08,-7.93,-6.78,-5.99,-4.59,-3.69,-3.70
800,-21.53,-9.09,-7.94,-6.79,-6.00,-4.61,-3.71,-3.71
801,-21.28,-9.09,-7.94,-6.79,-6.01,-4.62,-3.71,-3.71
802,-21.39,-9.10,-7.95,-6.80,-6.02,-4.63,-3.72,-3.72
803,-21.27,-9.10,-7.96,-6.81,-6.03,-4.64,-3.73,-3.72
804,-21.42,-9.11,-7.97,-6.81,-6.04,-4.64,-3.73,-3.72
805,-21.32,-9.11,-7.97,-6.82,-6.04,-4.65,-3.74,-3.72
806,-21.08,-9.12,-7.98,-6.83,-6.06,-4.66,-3.74,-3.73
807,-21.29,-9.13,-7.99,-6.84,-6.06,-4.67,-3.75,-3.74
808,-21.27,-9.14,-8.00,-6.85,-6.08,-4.68,-3.77,-3.74
809,-21.23,-9.14,-8.01,-6.86,-6.08,-4.69,-3.78,-3.75
810,-21.19,-9.15,-8.01,-6.86,-6.09,-4.69,-3.78,-3.75
811,-21.10,-9.14,-8.01,-6.86,-6.09,-4.70,-3.78,-3.74
812,-21.29,-9.15,-8.01,-6.87,-6.10,-4.70,-3.79,-3.75
813,-21.24,-9.16,-8.02,-6.88,-6.11,-4.72,-3.80,-3.75
814,-21.59,-9.17,-8.03,-6.89,-6.12,-4.73,-3.80,-3.75
815,-21.46,-9.18,-8.04,-6.90,-6.13,-4.73,-3.80,-3.76
816,-21.63,-9.20,-8.06,-6.91,-6.14,-4.75,-3.81,-3.77
817,-21.32,-9.20,-8.06,-6.92,-6.15,-4.75,-3.81,-3.77
818,-21.67,-9.21,-8.07,-6.93,-6.15,-4.76,-3.82,-3.77
819,-21.39,-9.22,-8.08,-6.94,-6.16,-4.77,-3.83,-3.78
820,-21.30,-9.22,-8.08,-6.94,-6.17,-4.78,-3.84,-3.78
821,-21.31,-9.23,-8.09,-6.95,-6.18,-4.79,-3.85,-3.79
822,-21.43,-9.24,-8.10,-6.96,-6.19,-4.80,-3.86,-3.79
823,-21.18,-9.24,-8.10,-6.96,-6.19,-4.81,-3.87,-3.79
824,-21.03,-9.24,-8.10,-6.96,-6.19,-4.81,-3.87,-3.79
825,-20.96,-9.24,-8.11,-6.97,-6.21,-4.82,-3.88,-3.79
826,-21.33,-9.24,-8.11,-6.98,-6.21,-4.83,-3.88,-3.79
827,-21.54,-9.25,-8.12,-6.99,-6.22,-4.83,-3.88,-3.80
828,-21.49,-9.26,-8.13,-6.99,-6.23,-4.84,-3.89,-3.80
829,-21.23,-9.27,-8.14,-7.00,-6.24,-4.86,-3.91,-3.81
830,-21.21,-9.27,-8.14,-7.01,-6.24,-4.86,-3.91,-3.82
831,-21.25,-9.27,-8.15,-7.01,-6.25,-4.87,-3.91,-3.82
832,-21.64,-9.28,-8.15,-7.02,-6.26,-4.88,-3.92,-3.83
833,-21.59,-9.28,-8.15,-7.02,-6.26,-4.88,-3.92,-3.82
834,-21.29,-9.29,-8.16,-7.03,-6.27,-4.89,-3.93,-3.83
835,-21.45,-9.30,-8.17,-7.03,-6.27,-4.90,-3.94,-3.83
836,-21.63,-9.31,-8.17,-7.04,-6.28,-4.90,-3.94,-3.84
837,-21.36,-9.31,-8.18,-7.05,-6.29,-4.91,-3.95,-3.84
838,-21.16,-9.32,-8.19,-7.05,-6.29,-4.92,-3.96,-3.84
839,-21.28,-9.32,-8.19,-7.06,-6.30,-4.92,-3.96,-3.84
840,-21.19,-9.32,-8.20,-7.06,-6.31,-4.93,-3.97,-3.85
841,-21.37,-9.32,-8.20,-7.07,-6.31,-4.94,-3.99,-3.85
842,-21.35,-9.33,-8.21,-7.08,-6.32,-4.95,-4.00,-3.86
843,-21.47,-9.35,-8.23,-7.10,-6.34,-4.97,-4.01,-3.87
844,-21.50,-9.35,-8.23,-7.10,-6.34,-4.98,-4.01,-3.87
845,-21.17,-9.35,-8.24,-7.11,-6.35,-4.98,-4.02,-3.88
846,-21.23,-9.36,-8.25,-7.12,-6.37,-5.00,-4.04,-3.88
847,-21.29,-9.37,-8.26,-7.14,-6.38,-5.01,-4.05,-3.89
848,-21.38,-9.37,-8.26,-7.13,-6.38,-5.01,-4.06,-3.89
849,-21.40,-9.37,-8.26,-7.14,-6.39,-5.02,-4.06,-3.90
850,-21.39,-9.38,-8.27,-7.15,-6.40,-5.03,-4.07,-3.90
851,-21.42,-9.38,-8.28,-7.16,-6.40,-5.04,-4.08,-3.90
852,-21.53,-9.39,-8.28,-7.16,-6.41,-5.05,-4.08,-3.90
853,-21.59,-9.40,-8.29,-7.17,-6.41,-5.06,-4.08,-3.90
854,-21.32,-9.41,-8.30,-7.18,-6.42,-5.06,-4.09,-3.91
855,-21.45,-9.41,-8.30,-7.18,-6.43,-5.07,-4.09,-3.91
856,-21.38,-9.42,-8.31,-7.19,-6.44,-5.08,-4.10,-3.91
857,-21.21,-9.42,-8.31,-7.19,-6.44,-5.08,-4.11,-3.92
858,-21.35,-9.42,-8.31,-7.20,-6.45,-5.09,-4.11,-3.92
859,-21.15,-9.43,-8.32,-7.21,-6.46,-5.10,-4.12,-3.93
860,-21.39,-9.44,-8.33,-7.22,-6.47,-5.11,-4.13,-3.93
861,-21.16,-9.44,-8.33,-7.22,-6.48,-5.12,-4.14,-3.94
862,-21.32,-9.45,-8.35,-7.23,-6.49,-5.13,-4.15,-3.95
863,-21.39,-9.46,-8.35,-7.24,-6.50,-5.14,-4.16,-3.95
864,-21.22,-9.46,-8.36,-7.24,-6.51,-5.15,-4.17,-3.96
865,-21.27,-9.47,-8.36,-7.25,-6.51,-5.15,-4.19,-3.96
866,-21.31,-9.47,-8.37,-7.26,-6.52,-5.15,-4.19,-3.95
867,-21.62,-9.47,-8.37,-7.26,-6.52,-5.16,-4.20,-3.96
868,-21.23,-9.48,-8.38,-7.27,-6.53,-5.17,-4.22,-3.96
869,-21.14,-9.48,-8.38,-7.27,-6.53,-5.18,-4.22,-3.96
870,-21.27,-9.48,-8.39,-7.28,-6.54,-5.19,-4.22,-3.97
871,-21.45,-9.49,-8.39,-7.29,-6.55,-5.19,-4.23,-3.97
872,-21.58,-9.49,-8.40,-7.29,-6.56,-5.20,-4.23,-3.97
873,-21.36,-9.50,-8.41,-7.30,-6.57,-5.21,-4.23,-3.97
874,-21.44,-9.51,-8.42,-7.31,-6.58,-5.22,-4.24,-3.98
875,-20.95,-9.52,-8.42,-7.32,-6.58,-5.23,-4.25,-3.98
876,-21.48,-9.52,-8.43,-7.33,-6.59,-5.23,-4.25,-3.98
877,-21.53,-9.53,-8.44,-7.33,-6.60,-5.24,-4.26,-3.98
878,-21.68,-9.53,-8.45,-7.34,-6.61,-5.25,-4.27,-3.98
879,-21.07,-9.54,-8.45,-7.35,-6.61,-5.26,-4.26,-3.99
880,-21.27,-9.54,-8.46,-7.36,-6.62,-5.27,-4.27,-3.99
881,-21.53,-9.55,-8.47,-7.37,-6.63,-5.27,-4.27,-4.00
882,-21.57,-9.56,-8.48,-7.38,-6.64,-5.29,-4.29,-4.01
883,-21.54,-9.58,-8.49,-7.39,-6.65,-5.30,-4.31,-4.01
884,-21.49,-9.58,-8.49,-7.39,-6.65,-5.30,-4.31,-4.02
885,-21.63,-9.59,-8.51,-7.40,-6.66,-5.31,-4.33,-4.02
886,-21.45,-9.59,-8.51,-7.40,-6.67,-5.31,-4.34,-4.03
887,-21.49,-9.60,-8.51,-7.41,-6.67,-5.32,-4.34,-4.03
888,-21.39,-9.60,-8.52,-7.42,-6.68,-5.33,-4.36,-4.03
889,-21.58,-9.61,-8.53,-7.43,-6.69,-5.34,-4.37,-4.04
890,-21.70,-9.62,-8.53,-7.43,-6.70,-5.34,-4.38,-4.04
891,-21.59,-9.63,-8.54,-7.44,-6.71,-5.36,-4.39,-4.06
892,-21.48,-9.64,-8.55,-7.45,-6.72,-5.36,-4.40,-4.06
893,-21.28,-9.64,-8.55,-7.45,-6.72,-5.36,-4.41,-4.06
894,-21.38,-9.64,-8.56,-7.45,-6.72,-5.36,-4.41,-4.06
895,-21.49,-9.64,-8.56,-7.46,-6.73,-5.37,-4.42,-4.06
896,-21.20,-9.65,-8.57,-7.47,-6.74,-5.38,-4.43,-4.06
897,-21.04,-9.66,-8.58,-7.47,-6.75,-5.39,-4.44,-4.07
898,-21.04,-9.66,-8.58,-7.48,-6.75,-5.39,-4.45,-4.07
899,-20.97,-9.66,-8.59,-7.49,-6.76,-5.40,-4.46,-4.08
900,-21.06,-9.67,-8.59,-7.49,-6.77,-5.41,-4.47,-4.09
901,-21.21,-9.68,-8.60,-7.50,-6.77,-5.42,-4.48,-4.09
902,-21.17,-9.69,-8.61,-7.51,-6.78,-5.44,-4.50,-4.10
903,-21.10,-9.69,-8.61,-7.51,-6.79,-5.44,-4.50,-4.10
904,-21.40,-9.69,-8.62,-7.52,-6.79,-5.45,-4.51,-4.10
905,-21.22,-9.70,-8.62,-7.53,-6.80,-5.46,-4.52,-4.11
906,-21.20,-9.71,-8.63,-7.53,-6.81,-5.46,-4.52,-4.11
907,-21.45,-9.72,-8.63,-7.54,-6.81,-5.47,-4.53,-4.11
908,-21.01,-9.71,-8.63,-7.53,-6.81,-5.46,-4.52,-4.10
909,-20.93,-9.69,-8.61,-7.51,-6.80,-5.46,-4.51,-4.09
910,-21.08,-9.69,-8.62,-7.52,-6.81,-5.47,-4.53,-4.09
911,-21.21,-9.70,-8.62,-7.53,-6.83,-5.49,-4.55,-4.10
912,-21.01,-9.70,-8.63,-7.55,-6.84,-5.50,-4.56,-4.11
913,-21.02,-9.71,-8.64,-7.56,-6.86,-5.52,-4.58,-4.12
914,-21.23,-9.72,-8.65,-7.57,-6.87,-5.53,-4.59,-4.13
915,-21.27,-9.73,-8.66,-7.58,-6.89,-5.54,-4.61,-4.14
916,-21.17,-9.73,-8.67,-7.59,-6.89,-5.55,-4.61,-4.15
917,-21.33,-9.74,-8.68,-7.60,-6.90,-5.56,-4.62,-4.15
918,-21.05,-9.75,-8.68,-7.61,-6.91,-5.57,-4.63,-4.16
919,-21.23,-9.75,-8.69,-7.61,-6.91,-5.57,-4.63,-4.16
920,-21.10,-9.75,-8.69,-7.61,-6.92,-5.58,-4.64,-4.17
921,-21.23,-9.76,-8.70,-7.62,-6.93,-5.59,-4.65,-4.17
922,-21.05,-9.77,-8.71,-7.63,-6.94,-5.60,-4.66,-4.18
923,-21.28,-9.77,-8.71,-7.64,-6.95,-5.61,-4.66,-4.19
924,-21.38,-9.78,-8.72,-7.64,-6.95,-5.62,-4.67,-4.19
925,-21.22,-9.80,-8.73,-7.65,-6.96,-5.63,-4.67,-4.20
926,-21.10,-9.80,-8.73,-7.65,-6.96,-5.63,-4.67,-4.20
927,-21.13,-9.81,-8.74,-7.66,-6.97,-5.63,-4.68,-4.21
928,-21.08,-9.81,-8.74,-7.67,-6.97,-5.64,-4.68,-4.21
929,-21.36,-9.81,-8.75,-7.68,-6.98,-5.65,-4.69,-4.21
930,-21.53,-9.83,-8.76,-7.68,-6.99,-5.66,-4.71,-4.22
931,-21.28,-9.83,-8.76,-7.69,-6.99,-5.66,-4.72,-4.22
932,-21.47,-9.84,-8.77,-7.69,-7.00,-5.67,-4.73,-4.23
933,-21.30,-9.85,-8.78,-7.70,-7.01,-5.68,-4.74,-4.23
934,-21.50,-9.85,-8.78,-7.71,-7.01,-5.68,-4.75,-4.23
935,-21.47,-9.85,-8.79,-7.71,-7.02,-5.69,-4.75,-4.24
936,-21.07,-9.86,-8.79,-7.72,-7.03,-5.70,-4.76,-4.24
937,-21.16,-9.86,-8.80,-7.73,-7.04,-5.71,-4.77,-4.25
938,-21.30,-9.87,-8.81,-7.74,-7.05,-5.72,-4.77,-4.26
939,-21.19,-9.87,-8.82,-7.75,-7.05,-5.72,-4.77,-4.26
940,-21.18,-9.88,-8.82,-7.75,-7.05,-5.72,-4.77,-4.26
941,-21.19,-9.88,-8.82,-7.76,-7.06,-5.73,-4.78,-4.26
942,-21.19,-9.89,-8.83,-7.76,-7.07,-5.74,-4.79,-4.26
943,-20.98,-9.89,-8.83,-7.77,-7.07,-5.75,-4.80,-4.27
944,-20.95,-9.90,-8.85,-7.78,-7.09,-5.76,-4.83,-4.29
945,-21.01,-9.91,-8.85,-7.78,-7.09,-5.77,-4.84,-4.29
946,-21.08,-9.92,-8.86,-7.79,-7.10,-5.79,-4.85,-4.30
947,-21.30,-9.92,-8.86,-7.80,-7.11,-5.79,-4.86,-4.30
948,-21.23,-9.93,-8.87,-7.81,-7.12,-5.81,-4.87,-4.31
949,-21.30,-9.93,-8.87,-7.81,-7.12,-5.80,-4.87,-4.31
950,-21.22,-9.94,-8.88,-7.82,-7.13,-5.81,-4.89,-4.31
951,-21.21,-9.95,-8.89,-7.82,-7.14,-5.82,-4.90,-4.32
952,-21.22,-9.95,-8.89,-7.83,-7.14,-5.83,-4.90,-4.32
953,-21.38,-9.96,-8.90,-7.83,-7.15,-5.83,-4.91,-4.32
954,-21.26,-9.97,-8.91,-7.84,-7.16,-5.84,-4.90,-4.33
955,-21.20,-9.97,-8.91,-7.85,-7.16,-5.84,-4.90,-4.33
956,-20.99,-9.98,-8.92,-7.86,-7.17,-5.86,-4.92,-4.34
957,-20.96,-10.00,-8.94,-7.89,-7.20,-5.89,-4.96,-4.37
